750
44 0
12 2
668 6
97 8
157 10
131 236
15 27
18 285
20 345
26 32
99 30
67 31
263 36
76 37
91 40
105 608
46 797
47 150
49 270
51 469
52 80
53 248
54 615
55 579
57 93
58 234
59 825
61 657
64 454
65 66
85 68
511 69
861 71
199 72
321 88
79 182
82 660
84 350
153 86
428 238
288 94
837 95
758 96
353 339
525 101
102 123
104 947
108 259
114 475
115 327
116 134
117 291
118 133
119 806
494 124
664 126
138 128
386 129
204 130
383 670
137 814
715 143
237 144
242 146
147 224
482 151
624 152
344 155
162 156
846 195
158 740
160 161
438 183
163 264
165 338
168 974
169 171
172 173
330 175
223 180
414 891
817 185
534 188
190 191
603 470
198 385
262 200
206 461
207 214
566 215
218 573
221 484
295 226
405 227
341 231
912 409
444 243
415 256
513 244
965 246
337 717
249 894
250 336
252 253
401 257
665 661
443 376
266 735
269 271
273 289
280 465
290 310
297 394
304 703
306 307
619 318
795 498
322 365
324 331
335 424
343 545
437 392
355 495
359 363
977 371
366 388
368 759
449 372
373 375
382 993
384 410
390 407
620 474
395 398
399 402
403 716
737 492
408 413
578 418
417 419
422 426
427 628
710 432
459 434
589 705
445 447
581 726
452 455
858 458
841 522
464 466
478 503
862 471
847 476
789 481
769 487
490 898
585 496
752 501
838 510
695 544
512 553
751 517
796 518
537 521
857 543
523 571
524 568
527 528
529 801
563 535
542 683
547 586
548 552
562 558
580 564
957 572
956 637
577 835
598 885
832 582
590 583
587 595
601 659
599 600
622 662
607 609
612 617
651 618
973 760
625 630
929 632
631 684
633 634
996 635
636 643
653 995
783 982
666 673
763 676
674 675
833 681
697 685
686 709
689 714
696 774
698 699
700 701
903 711
721 960
800 720
872 762
731 813
770 744
798 749
750 782
753 816
773 788
840 765
824 781
990 793
794 866
915 853
808 805
810 934
856 818
871 828
834 943
881 879
868 884
873 876
897 882
883 930
892 937
901 927
902 918
941 904
909 911
910 932
991 928
920 916
919 985
952 984
940 953
945 946
949 968
958 961
967 979
981 980
988 999
28
1
387
3
167
4
652
5
286
7
22
9
298
11
606
13
43
14
34
16
17
446
19
203
21
775
567
23
125
24
602
25
120
39
29
38
33
275
358
35
342
349
41
276
42
48
75
45
688
479
50
87
56
197
60
576
62
505
63
98
70
743
73
100
74
616
77
78
450
81
860
83
211
300
89
314
90
260
92
140
196
103
746
106
107
820
109
139
110
423
111
122
112
287
113
235
201
121
951
217
127
594
132
208
135
136
467
457
994
141
178
142
768
145
245
148
532
149
154
370
159
176
164
296
166
799
170
704
174
614
177
279
194
179
254
181
755
184
187
186
550
723
189
192
193
436
654
724
468
202
546
251
205
645
777
209
210
225
212
213
216
278
219
480
220
514
222
393
281
228
229
497
230
247
232
233
519
899
239
268
240
329
241
255
277
855
258
767
472
261
516
265
267
435
301
272
274
294
361
303
282
732
283
284
648
292
400
293
623
317
299
320
367
302
313
323
305
308
644
309
316
311
803
312
332
315
736
352
319
913
923
638
325
348
326
328
347
430
333
356
334
778
340
377
346
893
439
374
357
351
761
354
933
509
473
360
364
362
997
369
404
406
378
389
379
530
380
848
381
756
908
391
605
411
396
397
412
584
596
416
420
433
421
425
429
507
712
431
677
719
440
441
500
442
924
448
462
745
451
453
456
463
460
707
815
502
725
559
477
488
483
485
486
489
942
491
551
493
536
499
647
728
504
539
506
531
508
557
869
515
541
867
520
939
526
533
962
538
555
549
540
733
936
554
561
556
831
560
565
569
570
807
574
802
575
588
641
964
591
611
592
593
604
597
663
610
741
727
613
621
656
845
629
626
627
812
706
639
640
992
680
642
646
702
655
649
650
658
784
671
678
667
870
682
865
669
776
708
672
747
819
679
742
692
687
907
729
690
771
691
693
722
694
888
836
886
713
718
978
887
730
852
734
889
786
738
739
757
748
926
754
998
764
766
779
772
906
880
839
780
821
785
792
787
790
791
804
827
921
809
843
811
864
822
844
823
826
829
878
842
830
922
851
849
850
859
854
863
875
874
890
877
895
896
900
905
950
914
976
917
954
959
935
925
931
989
938
970
944
986
948
972
955
963
971
983
966
969
975
987
